0001/050_00036 1,1,6,11,18,29,45,52,61,65
0001/050_00037 1,1,16,26,32,41,48,59,65,66
0001/050_00038 1,1,17,21,34,44,59,67,78,83
0001/050_00039 1,14,30,36,48,55,65,74,85,90
0001/052_00040 1,6,22,26,32,41,57,68,79,80
0001/052_00041 1,12,28,33,37,49,65,77,81,82
0001/052_00042 1,1,17,21,29,37,53,68,84,100
0001/052_00043 1,5,21,26,31,41,57,68,69,69
0001/052_00044 1,2,18,22,22,33,49,59,64,65
0001/052_00045 1,1,16,22,27,36,50,61,63,67
0001/054_00053 1,1,15,20,20,28,43,51,52,52
0001/054_00054 1,1,15,24,38,41,45,56,59,60
0001/054_00055 1,1,17,22,22,30,44,55,62,65
0001/054_00056 1,1,15,23,30,36,49,60,67,69
0001/054_00057 1,1,16,23,23,37,52,63,72,73
0001/054_00058 1,6,22,31,34,43,57,69,84,90
0001/054_00059 1,10,18,31,46,59,65,67,81,87
0001/055_00060 1,1,17,20,34,43,48,58,62,73
0001/055_00061 1,2,18,23,30,42,56,65,73,77
0001/055_00062 1,3,18,23,29,37,53,62,76,87
0011/050_00246 1,13,16,23,28,39,43,58,62,64
0011/050_00247 1,14,20,27,32,42,57,71,74,76
0011/050_00248 1,17,24,35,43,56,65,76,81,82
0011/050_00249 1,17,22,33,36,47,62,74,78,81
0011/050_00250 1,5,20,31,37,44,55,67,74,79
0011/050_00251 1,3,17,30,38,52,63,76,84,87
0011/051_00252 1,12,17,29,41,58,60,71,76,91
0011/051_00253 1,1,13,22,29,39,55,67,75,91
0011/051_00254 1,13,16,23,32,49,60,71,79,94
0011/052_00255 1,15,20,28,37,45,49,63,64,70
0011/052_00256 1,14,20,29,30,45,56,68,70,77
0011/052_00257 1,8,9,17,20,22,23,30,37,41
0011/052_00258 1,17,33,47,61,77,82,98,102,102
0011/052_00259 1,8,23,32,36,45,61,75,87,103
0011/054_00266 1,1,5,10,18,23,27,35,37,52
0011/054_00267 1,10,12,21,22,30,36,49,50,59
0011/054_00268 1,12,16,26,27,34,40,56,70,86
0011/054_00269 1,10,14,25,26,32,42,58,72,75
0011/054_00270 1,9,13,22,24,35,39,53,55,70
0011/054_00271 1,12,27,34,36,45,50,66,81,97
0011/055_00272 1,12,17,25,27,40,51,65,68,72
0011/055_00273 1,2,17,30,36,39,53,68,76,81
0011/055_00274 1,17,23,31,38,49,57,68,71,76
0011/055_00275 1,5,19,29,37,52,57,70,79,83
0011/055_00276 1,17,31,39,43,51,64,76,81,96
0012/050_00063 1,13,29,40,45,56,65,78,84,84
0012/050_00064 1,6,18,23,29,40,48,56,66,71
0012/050_00065 1,1,12,16,26,39,47,58,68,69
0012/050_00066 1,3,19,28,38,49,59,73,83,98
0012/050_00067 1,2,18,25,25,34,50,61,68,73
0012/050_00068 1,3,19,32,44,60,74,82,89,92
0012/050_00069 1,3,19,25,30,41,55,64,74,79
0012/050_00070 1,1,16,24,33,37,39,50,61,63
0012/050_00071 1,1,15,23,32,44,58,67,78,83
0012/050_00072 1,15,31,44,55,67,82,92,99,104
0012/050_00073 1,12,28,34,40,48,64,73,87,96
0012/050_00074 1,1,15,22,33,48,64,73,80,83
0012/052_00075 1,5,21,31,35,48,64,77,84,84
0012/052_00076 1,2,17,31,47,58,62,75,91,107
0012/052_00077 1,5,21,28,32,46,62,78,94,110
0012/052_00078 1,4,20,30,39,50,64,75,91,107
0012/052_00079 1,9,24,32,40,54,60,71,83,83
0012/052_00080 1,10,26,33,39,49,63,74,84,84
0012/052_00081 1,14,28,36,40,52,68,80,94,98
0012/052_00082 1,1,17,24,26,31,46,59,71,71
0012/052_00083 1,14,30,36,40,42,56,70,73,76
0012/052_00084 1,7,23,32,41,53,69,81,86,86
0012/052_00085 1,8,24,31,33,45,52,68,79,79
0012/052_00086 1,1,15,21,24,36,41,52,55,58
0012/052_00087 1,2,17,23,25,36,50,60,67,67
0012/052_00088 1,1,14,22,24,25,39,55,62,62
0012/052_00089 1,3,19,31,36,50,62,74,85,85
0012/052_00090 1,1,17,31,35,46,62,73,76,76
0012/052_00091 1,9,15,23,29,37,50,60,65,70
0012/052_00092 1,1,15,21,22,29,45,56,59,60
0012/054_00114 1,9,14,22,23,29,43,54,55,55
0012/054_00115 1,7,20,27,31,40,47,58,73,84
0012/054_00116 1,8,13,23,25,31,44,55,66,71
0012/054_00117 1,1,16,24,29,42,55,64,71,71
0012/054_00118 1,1,13,25,28,33,46,58,61,61
0012/054_00119 1,9,15,25,26,31,41,53,57,63
0012/054_00120 1,1,13,24,29,39,54,63,63,63
0012/054_00121 1,1,6,16,29,38,46,55,56,56
0012/054_00122 1,2,17,24,25,32,48,60,66,67
0012/054_00123 1,8,24,28,28,38,54,69,85,101
0012/054_00124 1,1,15,21,23,29,42,55,66,77
0012/054_00125 1,9,14,21,22,25,40,50,54,62
0012/054_00126 1,9,15,22,29,35,41,51,52,62
0012/054_00127 1,1,15,21,22,29,42,54,57,57
0012/054_00128 1,9,25,34,37,43,51,61,76,92
0012/054_00129 1,4,20,28,29,35,51,62,73,85
0012/054_00130 1,8,15,26,30,38,52,63,66,66
0012/054_00131 1,4,20,26,30,39,42,56,71,71
0012/055_00132 1,1,14,19,27,34,39,51,63,69
0012/055_00133 1,2,17,23,30,38,49,62,73,77
0012/055_00134 1,1,16,23,27,40,50,61,67,72
0012/055_00135 1,2,14,21,35,44,58,67,70,78
0012/055_00136 1,1,17,22,28,36,52,62,72,75
0012/055_00137 1,4,19,27,30,40,56,67,75,80
0012/055_00138 1,2,18,24,36,44,46,59,75,86
0012/055_00139 1,1,15,24,35,44,57,67,80,85
0012/055_00140 1,8,23,33,46,55,69,80,93,96
0014/050_00277 1,10,15,20,31,40,45,53,54,54
0014/050_00278 1,1,15,20,30,39,51,63,66,77
0014/050_00279 1,13,18,29,43,54,59,68,75,83
0014/050_00280 1,17,30,38,51,59,67,80,82,94
0014/050_00281 1,17,33,45,58,69,74,88,93,104
0014/050_00282 1,17,23,32,47,57,59,72,75,91
0014/051_00283 1,1,14,26,38,45,61,72,86,102
0014/051_00284 1,1,14,29,42,56,71,87,102,118
0014/051_00285 1,1,15,28,43,54,68,83,92,108
0014/052_00286 1,17,24,32,34,48,59,72,73,78
0014/052_00287 1,13,18,29,38,47,60,71,74,81
0014/052_00288 1,3,18,28,37,40,53,66,81,96
0014/052_00289 1,17,24,30,39,49,63,72,78,86
0014/052_00290 1,8,10,18,19,24,30,38,45,48
0014/054_00298 1,11,17,25,26,33,41,54,54,59
0014/054_00299 1,10,15,26,27,36,43,53,57,59
0014/054_00300 1,11,16,26,29,40,46,58,59,73
0014/054_00301 1,6,11,25,33,36,41,57,73,89
0014/054_00302 1,13,16,24,26,30,42,58,74,90
0014/054_00303 1,9,16,27,38,45,55,71,87,103
0014/055_00304 1,8,14,21,27,38,45,56,59,60
0014/055_00305 1,12,18,28,32,41,44,57,58,60
0014/055_00306 1,11,14,26,33,43,49,58,63,71
0014/055_00307 1,17,21,34,42,52,56,68,82,88
0014/055_00308 1,10,24,40,47,56,64,80,96,112
0002/050_00340 1,1,14,22,25,28,36,48,52,55
0002/050_00341 1,3,6,7,8,15,31,47,62,66
0002/050_00342 1,1,14,22,23,31,45,57,67,71
0002/050_00343 1,17,28,35,41,45,58,69,75,78
0002/050_00344 1,17,25,32,36,42,53,66,75,79
0002/050_00345 1,15,20,27,31,41,56,69,79,84
0002/051_00346 1,1,14,23,26,34,50,62,71,78
0002/051_00347 1,1,15,27,30,43,55,71,87,103
0002/052_00348 1,17,27,33,38,41,52,62,63,64
0002/052_00349 1,13,17,24,27,32,44,56,63,75
0002/052_00350 1,17,32,39,45,48,62,75,81,87
0002/052_00351 1,7,22,29,33,41,57,73,89,105
0002/052_00352 1,16,21,32,32,33,46,57,72,87
0002/054_00359 1,4,5,7,7,7,7,7,21,37
0002/054_00360 1,13,17,25,27,31,38,50,51,59
0002/054_00361 1,12,16,25,26,29,37,49,50,59
0002/054_00362 1,11,14,23,26,29,38,50,53,69
0002/054_00363 1,10,14,23,24,25,34,46,60,72
0002/054_00364 1,10,14,20,22,26,36,48,63,66
0002/054_00365 1,12,21,32,33,36,47,57,69,83
0002/055_00366 1,1,14,20,25,28,42,53,56,61
0002/055_00367 1,6,17,25,29,34,45,56,61,63
0002/055_00368 1,12,17,24,29,34,42,53,61,67
0002/055_00369 1,12,16,23,29,33,43,55,66,73
0003/050_00370 1,1,14,24,40,57,73,88,91,101
0003/050_00371 1,4,15,28,44,58,67,79,80,80
0003/050_00372 1,15,19,31,47,60,75,87,91,92
0003/050_00373 1,2,17,33,49,66,82,95,98,105
0003/050_00374 1,13,16,27,43,56,70,82,94,108
0003/050_00375 1,16,32,48,64,81,97,111,114,118
0003/051_00376 1,12,16,26,40,55,67,80,83,99
0003/051_00377 1,4,20,36,52,69,85,101,117,133
0003/052_00378 1,13,19,33,49,66,76,86,87,87
0003/052_00379 1,14,19,28,40,54,69,81,97,111
0003/052_00380 1,17,29,44,60,75,84,98,99,108
0003/052_00381 1,3,19,34,49,64,78,94,110,126
0003/052_00382 1,14,18,33,49,66,73,86,98,114
0003/054_00390 1,11,15,23,29,33,48,62,63,78
0003/054_00391 1,11,14,27,40,52,57,68,69,83
0003/054_00392 1,10,14,21,27,39,53,66,70,86
0003/054_00393 1,9,15,25,38,51,59,69,70,78
0003/054_00394 1,9,13,24,39,54,59,70,72,83
0003/054_00395 1,15,18,27,40,53,59,73,86,102
0003/055_00396 1,9,16,24,35,49,64,74,75,76
0003/055_00397 1,9,14,24,37,54,59,70,74,82
0003/055_00398 1,17,20,30,42,57,71,81,83,95
0003/055_00399 1,15,19,24,39,56,71,81,84,97
0005/050_00309 1,12,17,25,39,52,63,75,84,89
0005/050_00310 1,12,15,26,38,49,54,66,70,79
0005/050_00311 1,17,30,44,52,63,70,83,87,91
0005/050_00312 1,13,17,32,44,56,61,75,86,95
0005/050_00313 1,17,28,42,50,60,68,80,94,105
0005/050_00314 1,17,32,47,56,68,75,88,100,105
0005/051_00315 1,13,18,31,40,52,68,81,86,93
0005/051_00316 1,3,17,30,43,56,66,79,83,94
0005/051_00317 1,3,17,29,37,46,57,70,79,95
0005/052_00318 1,16,21,33,39,50,57,66,69,75
0005/052_00319 1,12,16,28,36,45,55,66,67,78
0005/052_00320 1,17,23,35,43,51,66,74,89,105
0005/052_00321 1,17,31,45,55,62,68,78,84,100
0005/052_00322 1,11,13,21,24,31,33,40,42,46
0005/054_00330 1,10,13,24,26,42,52,59,60,68
0005/054_00331 1,12,16,27,30,38,44,60,67,83
0005/054_00332 1,11,15,25,26,36,44,59,62,77
0005/054_00333 1,17,24,35,36,46,53,69,85,101
0005/054_00334 1,11,15,26,28,42,48,64,80,88
0005/054_00335 1,10,25,41,50,54,64,76,92,108
0005/055_00336 1,8,11,24,32,43,51,63,65,69
0005/055_00337 1,1,17,29,35,48,56,71,73,73
0005/055_00338 1,11,15,28,34,45,56,66,75,77
0005/055_00339 1,12,16,30,37,48,59,69,71,74
0006/050_00141 1,1,12,21,35,43,49,62,66,66
0006/050_00142 1,15,18,26,35,50,54,65,68,77
0006/050_00143 1,7,18,29,40,46,59,71,75,76
0006/050_00144 1,17,24,37,47,56,63,72,87,92
0006/052_00145 1,14,22,35,40,48,58,68,70,77
0006/052_00146 1,17,22,28,33,42,50,65,67,74
0006/052_00147 1,17,22,33,37,48,54,64,73,88
0006/052_00148 1,15,20,33,42,49,52,64,68,72
0006/052_00149 1,17,22,29,33,47,52,64,65,71
0006/052_00150 1,15,20,27,30,45,56,67,69,77
0006/054_00157 1,9,13,19,22,34,40,51,53,55
0006/054_00158 1,13,18,25,26,30,40,54,56,66
0006/054_00159 1,10,14,24,31,42,51,64,67,71
0006/054_00160 1,11,18,30,43,46,49,63,68,69
0006/054_00161 1,15,20,27,28,36,41,54,68,77
0006/054_00162 1,10,15,27,36,42,52,66,69,77
0006/055_00163 1,8,14,27,32,43,46,56,62,63
0006/055_00164 1,8,15,27,32,41,45,56,61,67
0006/055_00165 1,16,24,31,37,42,47,61,64,75
0006/055_00166 1,11,18,28,35,46,50,60,71,86
0007/050_00001 1,4,17,25,32,48,61,71,72,72
0007/050_00002 1,2,15,22,29,41,54,65,69,75
0007/050_00003 1,15,18,28,36,49,65,76,79,81
0007/050_00004 1,1,13,20,34,46,56,69,82,88
0007/050_00005 1,17,29,38,48,56,71,80,91,93
0007/050_00006 1,16,19,27,37,47,62,71,86,92
0007/050_00007 1,5,18,28,40,51,66,77,89,95
0007/051_00008 1,1,14,22,31,37,49,58,62,74
0007/051_00009 1,13,17,28,41,49,62,71,76,83
0007/051_00010 1,1,14,20,29,43,59,69,76,86
0007/051_00011 1,2,16,24,35,44,60,75,83,83
0007/051_00012 1,7,22,34,43,48,63,72,79,95
0007/051_00013 1,1,14,24,33,43,59,69,76,88
0007/052_00014 1,5,19,29,42,47,57,67,69,76
0007/052_00015 1,4,19,29,33,46,56,65,67,78
0007/052_00016 1,12,27,39,43,57,65,77,85,85
0007/052_00017 1,17,26,37,43,52,64,74,78,81
0007/052_00018 1,15,19,30,36,47,56,67,75,80
0007/052_00019 1,7,22,35,44,50,61,73,88,94
0007/054_00026 1,11,15,30,32,38,50,62,75,77
0007/054_00027 1,6,14,29,34,43,58,71,83,83
0007/054_00028 1,12,17,26,35,42,55,64,80,95
0007/054_00029 1,17,22,29,30,45,57,69,84,92
0007/054_00030 1,9,17,32,37,40,52,66,82,98
0007/054_00031 1,17,33,47,56,63,74,84,99,103
0007/055_00032 1,2,14,26,33,42,54,62,65,72
0007/055_00033 1,3,14,28,33,43,55,64,68,69
0007/055_00034 1,4,16,29,37,46,62,73,75,80
0007/055_00035 1,4,15,27,35,45,60,69,76,83
0008/050_00167 1,15,31,45,56,72,87,98,100,100
0008/050_00168 1,1,14,30,46,63,73,85,86,86
0008/050_00169 1,1,13,29,45,62,68,80,83,87
0008/050_00170 1,2,17,32,48,62,70,80,88,89
0008/050_00171 1,12,15,28,38,52,64,74,81,85
0008/050_00172 1,17,21,30,45,62,74,87,93,96
0008/050_00173 1,6,9,18,34,41,53,63,66,68
0008/050_00174 1,14,17,28,40,54,64,77,88,97
0008/050_00175 1,3,16,27,39,56,69,80,84,87
0008/050_00176 1,7,23,37,53,67,73,84,93,98
0008/050_00177 1,14,18,29,45,57,72,85,87,89
0008/050_00178 1,10,13,27,36,52,62,75,79,80
0008/052_00179 1,15,18,30,45,55,67,79,81,83
0008/052_00180 1,17,24,34,49,65,80,94,94,98
0008/052_00181 1,16,21,29,45,56,60,76,83,99
0008/052_00182 1,5,20,36,49,65,78,94,110,126
0008/052_00183 1,16,21,34,43,60,71,87,103,119
0008/052_00184 1,17,26,41,56,71,85,96,98,101
0008/052_00185 1,17,22,32,41,55,71,85,101,117
0008/052_00186 1,16,20,35,49,58,67,80,95,111
0008/052_00187 1,10,24,38,43,59,70,81,93,97
0008/052_00188 1,17,27,38,52,69,82,98,113,129
0008/052_00189 1,17,24,35,45,62,74,84,85,85
0008/052_00190 1,13,17,25,38,53,69,79,80,86
0008/052_00191 1,16,20,32,46,59,75,89,91,96
0008/052_00192 1,11,15,26,38,49,57,68,70,73
0008/052_00193 1,14,18,29,36,53,61,71,72,76
0008/052_00194 1,11,16,32,46,54,63,75,76,89
0008/052_00195 1,10,14,24,40,57,66,77,78,85
0008/052_00196 1,2,17,30,46,55,67,77,78,78
0008/054_00218 1,12,16,30,43,52,55,67,69,77
0008/054_00219 1,17,27,37,53,60,68,81,94,105
0008/054_00220 1,8,19,33,47,53,61,74,88,104
0008/054_00221 1,9,13,26,38,53,61,76,92,108
0008/054_00222 1,11,16,19,28,45,60,69,70,79
0008/054_00223 1,10,15,21,33,49,57,68,72,88
0008/054_00224 1,13,18,32,47,58,64,77,78,79
0008/054_00225 1,9,14,29,42,51,57,66,66,66
0008/054_00226 1,10,13,28,43,51,57,69,71,83
0008/054_00227 1,12,17,29,43,58,65,78,79,83
0008/054_00228 1,11,27,41,56,68,76,89,104,116
0008/054_00229 1,9,14,27,39,50,58,71,77,78
0008/054_00230 1,13,18,33,48,57,62,75,88,101
0008/054_00231 1,9,12,26,36,43,49,62,62,63
0008/054_00232 1,9,13,26,38,45,51,64,66,72
0008/054_00233 1,9,14,27,34,41,48,61,63,69
0008/054_00234 1,12,18,32,44,52,63,75,89,96
0008/054_00235 1,11,14,27,36,43,52,63,63,63
0008/054_00236 1,10,13,24,39,47,55,67,69,73
0008/055_00237 1,10,18,25,41,54,61,72,77,79
0008/055_00238 1,11,17,29,45,59,64,79,82,91
0008/055_00239 1,3,16,31,37,48,58,71,73,80
0008/055_00240 1,11,16,24,36,50,63,74,76,86
0008/055_00241 1,14,18,28,39,51,63,73,77,91
0008/055_00242 1,1,16,31,44,56,64,76,80,82
0008/055_00243 1,12,18,32,39,54,65,76,78,86
0008/055_00244 1,16,22,36,41,56,67,79,92,98
0008/055_00245 1,12,18,33,49,62,72,84,91,97
